{
 "cells": [
  {
   "cell_type": "code",
   "execution_count": 255,
   "id": "bb3fcbd4",
   "metadata": {},
   "outputs": [],
   "source": [
    "import numpy as np\n",
    "from sklearn import datasets\n",
    "from sklearn.model_selection import train_test_split\n",
    "from sklearn.linear_model import LogisticRegression\n",
    "from sklearn.metrics import accuracy_score, classification_report, confusion_matrix\n",
    "from sklearn.cluster import KMeans\n",
    "import matplotlib.pyplot as plt\n",
    "import seaborn as sns\n",
    "from sklearn.cluster import AgglomerativeClustering\n",
    "from sklearn.preprocessing import StandardScaler\n",
    "from scipy.cluster.hierarchy import dendrogram, linkage\n",
    "from sklearn.neighbors import KNeighborsClassifier\n",
    "from sklearn.svm import SVC"
   ]
  },
  {
   "cell_type": "code",
   "execution_count": 256,
   "id": "752e91af",
   "metadata": {},
   "outputs": [
    {
     "data": {
      "text/plain": [
       "{'data': array([[5.1, 3.5, 1.4, 0.2],\n",
       "        [4.9, 3. , 1.4, 0.2],\n",
       "        [4.7, 3.2, 1.3, 0.2],\n",
       "        [4.6, 3.1, 1.5, 0.2],\n",
       "        [5. , 3.6, 1.4, 0.2],\n",
       "        [5.4, 3.9, 1.7, 0.4],\n",
       "        [4.6, 3.4, 1.4, 0.3],\n",
       "        [5. , 3.4, 1.5, 0.2],\n",
       "        [4.4, 2.9, 1.4, 0.2],\n",
       "        [4.9, 3.1, 1.5, 0.1],\n",
       "        [5.4, 3.7, 1.5, 0.2],\n",
       "        [4.8, 3.4, 1.6, 0.2],\n",
       "        [4.8, 3. , 1.4, 0.1],\n",
       "        [4.3, 3. , 1.1, 0.1],\n",
       "        [5.8, 4. , 1.2, 0.2],\n",
       "        [5.7, 4.4, 1.5, 0.4],\n",
       "        [5.4, 3.9, 1.3, 0.4],\n",
       "        [5.1, 3.5, 1.4, 0.3],\n",
       "        [5.7, 3.8, 1.7, 0.3],\n",
       "        [5.1, 3.8, 1.5, 0.3],\n",
       "        [5.4, 3.4, 1.7, 0.2],\n",
       "        [5.1, 3.7, 1.5, 0.4],\n",
       "        [4.6, 3.6, 1. , 0.2],\n",
       "        [5.1, 3.3, 1.7, 0.5],\n",
       "        [4.8, 3.4, 1.9, 0.2],\n",
       "        [5. , 3. , 1.6, 0.2],\n",
       "        [5. , 3.4, 1.6, 0.4],\n",
       "        [5.2, 3.5, 1.5, 0.2],\n",
       "        [5.2, 3.4, 1.4, 0.2],\n",
       "        [4.7, 3.2, 1.6, 0.2],\n",
       "        [4.8, 3.1, 1.6, 0.2],\n",
       "        [5.4, 3.4, 1.5, 0.4],\n",
       "        [5.2, 4.1, 1.5, 0.1],\n",
       "        [5.5, 4.2, 1.4, 0.2],\n",
       "        [4.9, 3.1, 1.5, 0.2],\n",
       "        [5. , 3.2, 1.2, 0.2],\n",
       "        [5.5, 3.5, 1.3, 0.2],\n",
       "        [4.9, 3.6, 1.4, 0.1],\n",
       "        [4.4, 3. , 1.3, 0.2],\n",
       "        [5.1, 3.4, 1.5, 0.2],\n",
       "        [5. , 3.5, 1.3, 0.3],\n",
       "        [4.5, 2.3, 1.3, 0.3],\n",
       "        [4.4, 3.2, 1.3, 0.2],\n",
       "        [5. , 3.5, 1.6, 0.6],\n",
       "        [5.1, 3.8, 1.9, 0.4],\n",
       "        [4.8, 3. , 1.4, 0.3],\n",
       "        [5.1, 3.8, 1.6, 0.2],\n",
       "        [4.6, 3.2, 1.4, 0.2],\n",
       "        [5.3, 3.7, 1.5, 0.2],\n",
       "        [5. , 3.3, 1.4, 0.2],\n",
       "        [7. , 3.2, 4.7, 1.4],\n",
       "        [6.4, 3.2, 4.5, 1.5],\n",
       "        [6.9, 3.1, 4.9, 1.5],\n",
       "        [5.5, 2.3, 4. , 1.3],\n",
       "        [6.5, 2.8, 4.6, 1.5],\n",
       "        [5.7, 2.8, 4.5, 1.3],\n",
       "        [6.3, 3.3, 4.7, 1.6],\n",
       "        [4.9, 2.4, 3.3, 1. ],\n",
       "        [6.6, 2.9, 4.6, 1.3],\n",
       "        [5.2, 2.7, 3.9, 1.4],\n",
       "        [5. , 2. , 3.5, 1. ],\n",
       "        [5.9, 3. , 4.2, 1.5],\n",
       "        [6. , 2.2, 4. , 1. ],\n",
       "        [6.1, 2.9, 4.7, 1.4],\n",
       "        [5.6, 2.9, 3.6, 1.3],\n",
       "        [6.7, 3.1, 4.4, 1.4],\n",
       "        [5.6, 3. , 4.5, 1.5],\n",
       "        [5.8, 2.7, 4.1, 1. ],\n",
       "        [6.2, 2.2, 4.5, 1.5],\n",
       "        [5.6, 2.5, 3.9, 1.1],\n",
       "        [5.9, 3.2, 4.8, 1.8],\n",
       "        [6.1, 2.8, 4. , 1.3],\n",
       "        [6.3, 2.5, 4.9, 1.5],\n",
       "        [6.1, 2.8, 4.7, 1.2],\n",
       "        [6.4, 2.9, 4.3, 1.3],\n",
       "        [6.6, 3. , 4.4, 1.4],\n",
       "        [6.8, 2.8, 4.8, 1.4],\n",
       "        [6.7, 3. , 5. , 1.7],\n",
       "        [6. , 2.9, 4.5, 1.5],\n",
       "        [5.7, 2.6, 3.5, 1. ],\n",
       "        [5.5, 2.4, 3.8, 1.1],\n",
       "        [5.5, 2.4, 3.7, 1. ],\n",
       "        [5.8, 2.7, 3.9, 1.2],\n",
       "        [6. , 2.7, 5.1, 1.6],\n",
       "        [5.4, 3. , 4.5, 1.5],\n",
       "        [6. , 3.4, 4.5, 1.6],\n",
       "        [6.7, 3.1, 4.7, 1.5],\n",
       "        [6.3, 2.3, 4.4, 1.3],\n",
       "        [5.6, 3. , 4.1, 1.3],\n",
       "        [5.5, 2.5, 4. , 1.3],\n",
       "        [5.5, 2.6, 4.4, 1.2],\n",
       "        [6.1, 3. , 4.6, 1.4],\n",
       "        [5.8, 2.6, 4. , 1.2],\n",
       "        [5. , 2.3, 3.3, 1. ],\n",
       "        [5.6, 2.7, 4.2, 1.3],\n",
       "        [5.7, 3. , 4.2, 1.2],\n",
       "        [5.7, 2.9, 4.2, 1.3],\n",
       "        [6.2, 2.9, 4.3, 1.3],\n",
       "        [5.1, 2.5, 3. , 1.1],\n",
       "        [5.7, 2.8, 4.1, 1.3],\n",
       "        [6.3, 3.3, 6. , 2.5],\n",
       "        [5.8, 2.7, 5.1, 1.9],\n",
       "        [7.1, 3. , 5.9, 2.1],\n",
       "        [6.3, 2.9, 5.6, 1.8],\n",
       "        [6.5, 3. , 5.8, 2.2],\n",
       "        [7.6, 3. , 6.6, 2.1],\n",
       "        [4.9, 2.5, 4.5, 1.7],\n",
       "        [7.3, 2.9, 6.3, 1.8],\n",
       "        [6.7, 2.5, 5.8, 1.8],\n",
       "        [7.2, 3.6, 6.1, 2.5],\n",
       "        [6.5, 3.2, 5.1, 2. ],\n",
       "        [6.4, 2.7, 5.3, 1.9],\n",
       "        [6.8, 3. , 5.5, 2.1],\n",
       "        [5.7, 2.5, 5. , 2. ],\n",
       "        [5.8, 2.8, 5.1, 2.4],\n",
       "        [6.4, 3.2, 5.3, 2.3],\n",
       "        [6.5, 3. , 5.5, 1.8],\n",
       "        [7.7, 3.8, 6.7, 2.2],\n",
       "        [7.7, 2.6, 6.9, 2.3],\n",
       "        [6. , 2.2, 5. , 1.5],\n",
       "        [6.9, 3.2, 5.7, 2.3],\n",
       "        [5.6, 2.8, 4.9, 2. ],\n",
       "        [7.7, 2.8, 6.7, 2. ],\n",
       "        [6.3, 2.7, 4.9, 1.8],\n",
       "        [6.7, 3.3, 5.7, 2.1],\n",
       "        [7.2, 3.2, 6. , 1.8],\n",
       "        [6.2, 2.8, 4.8, 1.8],\n",
       "        [6.1, 3. , 4.9, 1.8],\n",
       "        [6.4, 2.8, 5.6, 2.1],\n",
       "        [7.2, 3. , 5.8, 1.6],\n",
       "        [7.4, 2.8, 6.1, 1.9],\n",
       "        [7.9, 3.8, 6.4, 2. ],\n",
       "        [6.4, 2.8, 5.6, 2.2],\n",
       "        [6.3, 2.8, 5.1, 1.5],\n",
       "        [6.1, 2.6, 5.6, 1.4],\n",
       "        [7.7, 3. , 6.1, 2.3],\n",
       "        [6.3, 3.4, 5.6, 2.4],\n",
       "        [6.4, 3.1, 5.5, 1.8],\n",
       "        [6. , 3. , 4.8, 1.8],\n",
       "        [6.9, 3.1, 5.4, 2.1],\n",
       "        [6.7, 3.1, 5.6, 2.4],\n",
       "        [6.9, 3.1, 5.1, 2.3],\n",
       "        [5.8, 2.7, 5.1, 1.9],\n",
       "        [6.8, 3.2, 5.9, 2.3],\n",
       "        [6.7, 3.3, 5.7, 2.5],\n",
       "        [6.7, 3. , 5.2, 2.3],\n",
       "        [6.3, 2.5, 5. , 1.9],\n",
       "        [6.5, 3. , 5.2, 2. ],\n",
       "        [6.2, 3.4, 5.4, 2.3],\n",
       "        [5.9, 3. , 5.1, 1.8]]),\n",
       " 'target': array([0, 0, 0, 0, 0, 0, 0, 0, 0, 0, 0, 0, 0, 0, 0, 0, 0, 0, 0, 0, 0, 0,\n",
       "        0, 0, 0, 0, 0, 0, 0, 0, 0, 0, 0, 0, 0, 0, 0, 0, 0, 0, 0, 0, 0, 0,\n",
       "        0, 0, 0, 0, 0, 0, 1, 1, 1, 1, 1, 1, 1, 1, 1, 1, 1, 1, 1, 1, 1, 1,\n",
       "        1, 1, 1, 1, 1, 1, 1, 1, 1, 1, 1, 1, 1, 1, 1, 1, 1, 1, 1, 1, 1, 1,\n",
       "        1, 1, 1, 1, 1, 1, 1, 1, 1, 1, 1, 1, 2, 2, 2, 2, 2, 2, 2, 2, 2, 2,\n",
       "        2, 2, 2, 2, 2, 2, 2, 2, 2, 2, 2, 2, 2, 2, 2, 2, 2, 2, 2, 2, 2, 2,\n",
       "        2, 2, 2, 2, 2, 2, 2, 2, 2, 2, 2, 2, 2, 2, 2, 2, 2, 2]),\n",
       " 'frame': None,\n",
       " 'target_names': array(['setosa', 'versicolor', 'virginica'], dtype='<U10'),\n",
       " 'DESCR': '.. _iris_dataset:\\n\\nIris plants dataset\\n--------------------\\n\\n**Data Set Characteristics:**\\n\\n    :Number of Instances: 150 (50 in each of three classes)\\n    :Number of Attributes: 4 numeric, predictive attributes and the class\\n    :Attribute Information:\\n        - sepal length in cm\\n        - sepal width in cm\\n        - petal length in cm\\n        - petal width in cm\\n        - class:\\n                - Iris-Setosa\\n                - Iris-Versicolour\\n                - Iris-Virginica\\n                \\n    :Summary Statistics:\\n\\n    ============== ==== ==== ======= ===== ====================\\n                    Min  Max   Mean    SD   Class Correlation\\n    ============== ==== ==== ======= ===== ====================\\n    sepal length:   4.3  7.9   5.84   0.83    0.7826\\n    sepal width:    2.0  4.4   3.05   0.43   -0.4194\\n    petal length:   1.0  6.9   3.76   1.76    0.9490  (high!)\\n    petal width:    0.1  2.5   1.20   0.76    0.9565  (high!)\\n    ============== ==== ==== ======= ===== ====================\\n\\n    :Missing Attribute Values: None\\n    :Class Distribution: 33.3% for each of 3 classes.\\n    :Creator: R.A. Fisher\\n    :Donor: Michael Marshall (MARSHALL%PLU@io.arc.nasa.gov)\\n    :Date: July, 1988\\n\\nThe famous Iris database, first used by Sir R.A. Fisher. The dataset is taken\\nfrom Fisher\\'s paper. Note that it\\'s the same as in R, but not as in the UCI\\nMachine Learning Repository, which has two wrong data points.\\n\\nThis is perhaps the best known database to be found in the\\npattern recognition literature.  Fisher\\'s paper is a classic in the field and\\nis referenced frequently to this day.  (See Duda & Hart, for example.)  The\\ndata set contains 3 classes of 50 instances each, where each class refers to a\\ntype of iris plant.  One class is linearly separable from the other 2; the\\nlatter are NOT linearly separable from each other.\\n\\n.. topic:: References\\n\\n   - Fisher, R.A. \"The use of multiple measurements in taxonomic problems\"\\n     Annual Eugenics, 7, Part II, 179-188 (1936); also in \"Contributions to\\n     Mathematical Statistics\" (John Wiley, NY, 1950).\\n   - Duda, R.O., & Hart, P.E. (1973) Pattern Classification and Scene Analysis.\\n     (Q327.D83) John Wiley & Sons.  ISBN 0-471-22361-1.  See page 218.\\n   - Dasarathy, B.V. (1980) \"Nosing Around the Neighborhood: A New System\\n     Structure and Classification Rule for Recognition in Partially Exposed\\n     Environments\".  IEEE Transactions on Pattern Analysis and Machine\\n     Intelligence, Vol. PAMI-2, No. 1, 67-71.\\n   - Gates, G.W. (1972) \"The Reduced Nearest Neighbor Rule\".  IEEE Transactions\\n     on Information Theory, May 1972, 431-433.\\n   - See also: 1988 MLC Proceedings, 54-64.  Cheeseman et al\"s AUTOCLASS II\\n     conceptual clustering system finds 3 classes in the data.\\n   - Many, many more ...',\n",
       " 'feature_names': ['sepal length (cm)',\n",
       "  'sepal width (cm)',\n",
       "  'petal length (cm)',\n",
       "  'petal width (cm)'],\n",
       " 'filename': 'iris.csv',\n",
       " 'data_module': 'sklearn.datasets.data'}"
      ]
     },
     "execution_count": 256,
     "metadata": {},
     "output_type": "execute_result"
    }
   ],
   "source": [
    "iris=datasets.load_iris()\n",
    "iris"
   ]
  },
  {
   "cell_type": "code",
   "execution_count": 257,
   "id": "83674b3d",
   "metadata": {},
   "outputs": [],
   "source": [
    "X=iris.data\n",
    "Y=iris.target"
   ]
  },
  {
   "cell_type": "code",
   "execution_count": 258,
   "id": "dc7c0d15",
   "metadata": {},
   "outputs": [
    {
     "data": {
      "text/plain": [
       "array([[5.1, 3.5, 1.4, 0.2],\n",
       "       [4.9, 3. , 1.4, 0.2],\n",
       "       [4.7, 3.2, 1.3, 0.2],\n",
       "       [4.6, 3.1, 1.5, 0.2],\n",
       "       [5. , 3.6, 1.4, 0.2],\n",
       "       [5.4, 3.9, 1.7, 0.4],\n",
       "       [4.6, 3.4, 1.4, 0.3],\n",
       "       [5. , 3.4, 1.5, 0.2],\n",
       "       [4.4, 2.9, 1.4, 0.2],\n",
       "       [4.9, 3.1, 1.5, 0.1],\n",
       "       [5.4, 3.7, 1.5, 0.2],\n",
       "       [4.8, 3.4, 1.6, 0.2],\n",
       "       [4.8, 3. , 1.4, 0.1],\n",
       "       [4.3, 3. , 1.1, 0.1],\n",
       "       [5.8, 4. , 1.2, 0.2],\n",
       "       [5.7, 4.4, 1.5, 0.4],\n",
       "       [5.4, 3.9, 1.3, 0.4],\n",
       "       [5.1, 3.5, 1.4, 0.3],\n",
       "       [5.7, 3.8, 1.7, 0.3],\n",
       "       [5.1, 3.8, 1.5, 0.3],\n",
       "       [5.4, 3.4, 1.7, 0.2],\n",
       "       [5.1, 3.7, 1.5, 0.4],\n",
       "       [4.6, 3.6, 1. , 0.2],\n",
       "       [5.1, 3.3, 1.7, 0.5],\n",
       "       [4.8, 3.4, 1.9, 0.2],\n",
       "       [5. , 3. , 1.6, 0.2],\n",
       "       [5. , 3.4, 1.6, 0.4],\n",
       "       [5.2, 3.5, 1.5, 0.2],\n",
       "       [5.2, 3.4, 1.4, 0.2],\n",
       "       [4.7, 3.2, 1.6, 0.2],\n",
       "       [4.8, 3.1, 1.6, 0.2],\n",
       "       [5.4, 3.4, 1.5, 0.4],\n",
       "       [5.2, 4.1, 1.5, 0.1],\n",
       "       [5.5, 4.2, 1.4, 0.2],\n",
       "       [4.9, 3.1, 1.5, 0.2],\n",
       "       [5. , 3.2, 1.2, 0.2],\n",
       "       [5.5, 3.5, 1.3, 0.2],\n",
       "       [4.9, 3.6, 1.4, 0.1],\n",
       "       [4.4, 3. , 1.3, 0.2],\n",
       "       [5.1, 3.4, 1.5, 0.2],\n",
       "       [5. , 3.5, 1.3, 0.3],\n",
       "       [4.5, 2.3, 1.3, 0.3],\n",
       "       [4.4, 3.2, 1.3, 0.2],\n",
       "       [5. , 3.5, 1.6, 0.6],\n",
       "       [5.1, 3.8, 1.9, 0.4],\n",
       "       [4.8, 3. , 1.4, 0.3],\n",
       "       [5.1, 3.8, 1.6, 0.2],\n",
       "       [4.6, 3.2, 1.4, 0.2],\n",
       "       [5.3, 3.7, 1.5, 0.2],\n",
       "       [5. , 3.3, 1.4, 0.2],\n",
       "       [7. , 3.2, 4.7, 1.4],\n",
       "       [6.4, 3.2, 4.5, 1.5],\n",
       "       [6.9, 3.1, 4.9, 1.5],\n",
       "       [5.5, 2.3, 4. , 1.3],\n",
       "       [6.5, 2.8, 4.6, 1.5],\n",
       "       [5.7, 2.8, 4.5, 1.3],\n",
       "       [6.3, 3.3, 4.7, 1.6],\n",
       "       [4.9, 2.4, 3.3, 1. ],\n",
       "       [6.6, 2.9, 4.6, 1.3],\n",
       "       [5.2, 2.7, 3.9, 1.4],\n",
       "       [5. , 2. , 3.5, 1. ],\n",
       "       [5.9, 3. , 4.2, 1.5],\n",
       "       [6. , 2.2, 4. , 1. ],\n",
       "       [6.1, 2.9, 4.7, 1.4],\n",
       "       [5.6, 2.9, 3.6, 1.3],\n",
       "       [6.7, 3.1, 4.4, 1.4],\n",
       "       [5.6, 3. , 4.5, 1.5],\n",
       "       [5.8, 2.7, 4.1, 1. ],\n",
       "       [6.2, 2.2, 4.5, 1.5],\n",
       "       [5.6, 2.5, 3.9, 1.1],\n",
       "       [5.9, 3.2, 4.8, 1.8],\n",
       "       [6.1, 2.8, 4. , 1.3],\n",
       "       [6.3, 2.5, 4.9, 1.5],\n",
       "       [6.1, 2.8, 4.7, 1.2],\n",
       "       [6.4, 2.9, 4.3, 1.3],\n",
       "       [6.6, 3. , 4.4, 1.4],\n",
       "       [6.8, 2.8, 4.8, 1.4],\n",
       "       [6.7, 3. , 5. , 1.7],\n",
       "       [6. , 2.9, 4.5, 1.5],\n",
       "       [5.7, 2.6, 3.5, 1. ],\n",
       "       [5.5, 2.4, 3.8, 1.1],\n",
       "       [5.5, 2.4, 3.7, 1. ],\n",
       "       [5.8, 2.7, 3.9, 1.2],\n",
       "       [6. , 2.7, 5.1, 1.6],\n",
       "       [5.4, 3. , 4.5, 1.5],\n",
       "       [6. , 3.4, 4.5, 1.6],\n",
       "       [6.7, 3.1, 4.7, 1.5],\n",
       "       [6.3, 2.3, 4.4, 1.3],\n",
       "       [5.6, 3. , 4.1, 1.3],\n",
       "       [5.5, 2.5, 4. , 1.3],\n",
       "       [5.5, 2.6, 4.4, 1.2],\n",
       "       [6.1, 3. , 4.6, 1.4],\n",
       "       [5.8, 2.6, 4. , 1.2],\n",
       "       [5. , 2.3, 3.3, 1. ],\n",
       "       [5.6, 2.7, 4.2, 1.3],\n",
       "       [5.7, 3. , 4.2, 1.2],\n",
       "       [5.7, 2.9, 4.2, 1.3],\n",
       "       [6.2, 2.9, 4.3, 1.3],\n",
       "       [5.1, 2.5, 3. , 1.1],\n",
       "       [5.7, 2.8, 4.1, 1.3],\n",
       "       [6.3, 3.3, 6. , 2.5],\n",
       "       [5.8, 2.7, 5.1, 1.9],\n",
       "       [7.1, 3. , 5.9, 2.1],\n",
       "       [6.3, 2.9, 5.6, 1.8],\n",
       "       [6.5, 3. , 5.8, 2.2],\n",
       "       [7.6, 3. , 6.6, 2.1],\n",
       "       [4.9, 2.5, 4.5, 1.7],\n",
       "       [7.3, 2.9, 6.3, 1.8],\n",
       "       [6.7, 2.5, 5.8, 1.8],\n",
       "       [7.2, 3.6, 6.1, 2.5],\n",
       "       [6.5, 3.2, 5.1, 2. ],\n",
       "       [6.4, 2.7, 5.3, 1.9],\n",
       "       [6.8, 3. , 5.5, 2.1],\n",
       "       [5.7, 2.5, 5. , 2. ],\n",
       "       [5.8, 2.8, 5.1, 2.4],\n",
       "       [6.4, 3.2, 5.3, 2.3],\n",
       "       [6.5, 3. , 5.5, 1.8],\n",
       "       [7.7, 3.8, 6.7, 2.2],\n",
       "       [7.7, 2.6, 6.9, 2.3],\n",
       "       [6. , 2.2, 5. , 1.5],\n",
       "       [6.9, 3.2, 5.7, 2.3],\n",
       "       [5.6, 2.8, 4.9, 2. ],\n",
       "       [7.7, 2.8, 6.7, 2. ],\n",
       "       [6.3, 2.7, 4.9, 1.8],\n",
       "       [6.7, 3.3, 5.7, 2.1],\n",
       "       [7.2, 3.2, 6. , 1.8],\n",
       "       [6.2, 2.8, 4.8, 1.8],\n",
       "       [6.1, 3. , 4.9, 1.8],\n",
       "       [6.4, 2.8, 5.6, 2.1],\n",
       "       [7.2, 3. , 5.8, 1.6],\n",
       "       [7.4, 2.8, 6.1, 1.9],\n",
       "       [7.9, 3.8, 6.4, 2. ],\n",
       "       [6.4, 2.8, 5.6, 2.2],\n",
       "       [6.3, 2.8, 5.1, 1.5],\n",
       "       [6.1, 2.6, 5.6, 1.4],\n",
       "       [7.7, 3. , 6.1, 2.3],\n",
       "       [6.3, 3.4, 5.6, 2.4],\n",
       "       [6.4, 3.1, 5.5, 1.8],\n",
       "       [6. , 3. , 4.8, 1.8],\n",
       "       [6.9, 3.1, 5.4, 2.1],\n",
       "       [6.7, 3.1, 5.6, 2.4],\n",
       "       [6.9, 3.1, 5.1, 2.3],\n",
       "       [5.8, 2.7, 5.1, 1.9],\n",
       "       [6.8, 3.2, 5.9, 2.3],\n",
       "       [6.7, 3.3, 5.7, 2.5],\n",
       "       [6.7, 3. , 5.2, 2.3],\n",
       "       [6.3, 2.5, 5. , 1.9],\n",
       "       [6.5, 3. , 5.2, 2. ],\n",
       "       [6.2, 3.4, 5.4, 2.3],\n",
       "       [5.9, 3. , 5.1, 1.8]])"
      ]
     },
     "execution_count": 258,
     "metadata": {},
     "output_type": "execute_result"
    }
   ],
   "source": [
    "X"
   ]
  },
  {
   "cell_type": "code",
   "execution_count": 259,
   "id": "2a2b87e4",
   "metadata": {},
   "outputs": [
    {
     "data": {
      "text/plain": [
       "array([0, 0, 0, 0, 0, 0, 0, 0, 0, 0, 0, 0, 0, 0, 0, 0, 0, 0, 0, 0, 0, 0,\n",
       "       0, 0, 0, 0, 0, 0, 0, 0, 0, 0, 0, 0, 0, 0, 0, 0, 0, 0, 0, 0, 0, 0,\n",
       "       0, 0, 0, 0, 0, 0, 1, 1, 1, 1, 1, 1, 1, 1, 1, 1, 1, 1, 1, 1, 1, 1,\n",
       "       1, 1, 1, 1, 1, 1, 1, 1, 1, 1, 1, 1, 1, 1, 1, 1, 1, 1, 1, 1, 1, 1,\n",
       "       1, 1, 1, 1, 1, 1, 1, 1, 1, 1, 1, 1, 2, 2, 2, 2, 2, 2, 2, 2, 2, 2,\n",
       "       2, 2, 2, 2, 2, 2, 2, 2, 2, 2, 2, 2, 2, 2, 2, 2, 2, 2, 2, 2, 2, 2,\n",
       "       2, 2, 2, 2, 2, 2, 2, 2, 2, 2, 2, 2, 2, 2, 2, 2, 2, 2])"
      ]
     },
     "execution_count": 259,
     "metadata": {},
     "output_type": "execute_result"
    }
   ],
   "source": [
    "Y"
   ]
  },
  {
   "cell_type": "code",
   "execution_count": 260,
   "id": "3278b053",
   "metadata": {},
   "outputs": [],
   "source": [
    "X_train, X_test, y_train, y_test = train_test_split(X, Y, test_size=0.8)\n"
   ]
  },
  {
   "cell_type": "code",
   "execution_count": 261,
   "id": "1771ba64",
   "metadata": {},
   "outputs": [
    {
     "data": {
      "text/plain": [
       "array([[6.8, 3. , 5.5, 2.1],\n",
       "       [5.1, 3.8, 1.6, 0.2],\n",
       "       [7.2, 3.6, 6.1, 2.5],\n",
       "       [6.8, 2.8, 4.8, 1.4],\n",
       "       [5.5, 3.5, 1.3, 0.2],\n",
       "       [6. , 3. , 4.8, 1.8],\n",
       "       [6.3, 3.4, 5.6, 2.4],\n",
       "       [6. , 2.7, 5.1, 1.6],\n",
       "       [5.5, 2.5, 4. , 1.3],\n",
       "       [5.1, 3.8, 1.5, 0.3],\n",
       "       [5.8, 2.6, 4. , 1.2],\n",
       "       [6.2, 2.8, 4.8, 1.8],\n",
       "       [4.9, 3.1, 1.5, 0.2],\n",
       "       [5.2, 2.7, 3.9, 1.4],\n",
       "       [6.3, 2.8, 5.1, 1.5],\n",
       "       [4.4, 2.9, 1.4, 0.2],\n",
       "       [4.6, 3.1, 1.5, 0.2],\n",
       "       [5.8, 2.8, 5.1, 2.4],\n",
       "       [6.4, 2.8, 5.6, 2.1],\n",
       "       [7.6, 3. , 6.6, 2.1],\n",
       "       [5.6, 2.7, 4.2, 1.3],\n",
       "       [4.7, 3.2, 1.3, 0.2],\n",
       "       [4.3, 3. , 1.1, 0.1],\n",
       "       [7.1, 3. , 5.9, 2.1],\n",
       "       [4.8, 3.4, 1.9, 0.2],\n",
       "       [4.8, 3.4, 1.6, 0.2],\n",
       "       [6.5, 3. , 5.8, 2.2],\n",
       "       [5.5, 2.4, 3.8, 1.1],\n",
       "       [6.9, 3.2, 5.7, 2.3],\n",
       "       [6.5, 3. , 5.5, 1.8],\n",
       "       [5.6, 3. , 4.1, 1.3],\n",
       "       [6.4, 2.9, 4.3, 1.3],\n",
       "       [6.7, 3.3, 5.7, 2.1],\n",
       "       [4.8, 3. , 1.4, 0.1],\n",
       "       [5.1, 3.5, 1.4, 0.3],\n",
       "       [5. , 3.4, 1.5, 0.2],\n",
       "       [6.7, 3. , 5. , 1.7],\n",
       "       [7.7, 2.6, 6.9, 2.3],\n",
       "       [5. , 2. , 3.5, 1. ],\n",
       "       [6.7, 3.1, 4.4, 1.4],\n",
       "       [6.4, 3.1, 5.5, 1.8],\n",
       "       [5.1, 3.8, 1.9, 0.4],\n",
       "       [5.4, 3.9, 1.7, 0.4],\n",
       "       [5.4, 3.7, 1.5, 0.2],\n",
       "       [5.7, 3. , 4.2, 1.2],\n",
       "       [5.8, 4. , 1.2, 0.2],\n",
       "       [7.7, 2.8, 6.7, 2. ],\n",
       "       [6.4, 2.8, 5.6, 2.2],\n",
       "       [5. , 3.6, 1.4, 0.2],\n",
       "       [4.6, 3.2, 1.4, 0.2],\n",
       "       [5.4, 3.4, 1.7, 0.2],\n",
       "       [6.7, 3.3, 5.7, 2.5],\n",
       "       [5.4, 3. , 4.5, 1.5],\n",
       "       [5.9, 3. , 5.1, 1.8],\n",
       "       [5.6, 2.5, 3.9, 1.1],\n",
       "       [6.1, 2.8, 4.7, 1.2],\n",
       "       [7.7, 3.8, 6.7, 2.2],\n",
       "       [5. , 3.2, 1.2, 0.2],\n",
       "       [4.6, 3.6, 1. , 0.2],\n",
       "       [5. , 3.5, 1.3, 0.3],\n",
       "       [4.8, 3. , 1.4, 0.3],\n",
       "       [6.1, 2.6, 5.6, 1.4],\n",
       "       [6.9, 3.1, 4.9, 1.5],\n",
       "       [6.6, 2.9, 4.6, 1.3],\n",
       "       [5. , 3.4, 1.6, 0.4],\n",
       "       [5.2, 3.5, 1.5, 0.2],\n",
       "       [5.1, 3.5, 1.4, 0.2],\n",
       "       [5.9, 3.2, 4.8, 1.8],\n",
       "       [7. , 3.2, 4.7, 1.4],\n",
       "       [6. , 2.2, 5. , 1.5],\n",
       "       [5.9, 3. , 4.2, 1.5],\n",
       "       [6.1, 3. , 4.6, 1.4],\n",
       "       [4.9, 3.1, 1.5, 0.1],\n",
       "       [5.1, 3.3, 1.7, 0.5],\n",
       "       [5.8, 2.7, 5.1, 1.9],\n",
       "       [6.1, 2.8, 4. , 1.3],\n",
       "       [6.7, 3. , 5.2, 2.3],\n",
       "       [6.5, 3. , 5.2, 2. ],\n",
       "       [6.3, 3.3, 4.7, 1.6],\n",
       "       [5.4, 3.4, 1.5, 0.4],\n",
       "       [6.3, 2.7, 4.9, 1.8],\n",
       "       [5.2, 4.1, 1.5, 0.1],\n",
       "       [6.3, 2.5, 4.9, 1.5],\n",
       "       [5.7, 4.4, 1.5, 0.4],\n",
       "       [7.2, 3.2, 6. , 1.8],\n",
       "       [6.7, 3.1, 4.7, 1.5],\n",
       "       [7.9, 3.8, 6.4, 2. ],\n",
       "       [4.8, 3.1, 1.6, 0.2],\n",
       "       [6.2, 2.2, 4.5, 1.5],\n",
       "       [6.3, 2.5, 5. , 1.9],\n",
       "       [4.9, 3. , 1.4, 0.2],\n",
       "       [5.5, 2.6, 4.4, 1.2],\n",
       "       [5.2, 3.4, 1.4, 0.2],\n",
       "       [6.5, 3.2, 5.1, 2. ],\n",
       "       [6.1, 2.9, 4.7, 1.4],\n",
       "       [5.3, 3.7, 1.5, 0.2],\n",
       "       [4.7, 3.2, 1.6, 0.2],\n",
       "       [6.2, 2.9, 4.3, 1.3],\n",
       "       [5.6, 3. , 4.5, 1.5],\n",
       "       [5.8, 2.7, 3.9, 1.2],\n",
       "       [6.2, 3.4, 5.4, 2.3],\n",
       "       [4.9, 2.4, 3.3, 1. ],\n",
       "       [5.1, 3.7, 1.5, 0.4],\n",
       "       [6.5, 2.8, 4.6, 1.5],\n",
       "       [5.5, 2.3, 4. , 1.3],\n",
       "       [4.4, 3. , 1.3, 0.2],\n",
       "       [6.6, 3. , 4.4, 1.4],\n",
       "       [5. , 3.3, 1.4, 0.2],\n",
       "       [4.5, 2.3, 1.3, 0.3],\n",
       "       [5.7, 2.8, 4.5, 1.3],\n",
       "       [5.8, 2.7, 5.1, 1.9],\n",
       "       [5. , 3. , 1.6, 0.2],\n",
       "       [5.7, 2.9, 4.2, 1.3],\n",
       "       [4.9, 3.6, 1.4, 0.1],\n",
       "       [6. , 2.9, 4.5, 1.5],\n",
       "       [6.3, 2.9, 5.6, 1.8],\n",
       "       [6.9, 3.1, 5.1, 2.3],\n",
       "       [5.1, 2.5, 3. , 1.1],\n",
       "       [5.5, 2.4, 3.7, 1. ],\n",
       "       [5.7, 3.8, 1.7, 0.3]])"
      ]
     },
     "execution_count": 261,
     "metadata": {},
     "output_type": "execute_result"
    }
   ],
   "source": [
    "X_test"
   ]
  },
  {
   "cell_type": "code",
   "execution_count": 262,
   "id": "6ea5a432",
   "metadata": {},
   "outputs": [
    {
     "data": {
      "text/plain": [
       "LogisticRegression()"
      ]
     },
     "execution_count": 262,
     "metadata": {},
     "output_type": "execute_result"
    }
   ],
   "source": [
    "model=LogisticRegression()\n",
    "model.fit(X_train,y_train)"
   ]
  },
  {
   "cell_type": "code",
   "execution_count": 263,
   "id": "5441fecd",
   "metadata": {},
   "outputs": [
    {
     "data": {
      "text/plain": [
       "array([2, 0, 2, 1, 0, 2, 2, 2, 1, 0, 1, 2, 0, 1, 2, 0, 0, 2, 2, 2, 1, 0,\n",
       "       0, 2, 0, 0, 2, 1, 2, 2, 1, 1, 2, 0, 0, 0, 2, 2, 1, 1, 2, 0, 0, 0,\n",
       "       1, 0, 2, 2, 0, 0, 0, 2, 1, 2, 1, 1, 2, 0, 0, 0, 0, 2, 2, 1, 0, 0,\n",
       "       0, 2, 1, 2, 1, 1, 0, 0, 2, 1, 2, 2, 2, 0, 2, 0, 2, 0, 2, 1, 2, 0,\n",
       "       1, 2, 0, 1, 0, 2, 1, 0, 0, 1, 1, 1, 2, 1, 0, 1, 1, 0, 1, 0, 0, 1,\n",
       "       2, 0, 1, 0, 1, 2, 2, 1, 1, 0])"
      ]
     },
     "execution_count": 263,
     "metadata": {},
     "output_type": "execute_result"
    }
   ],
   "source": [
    "y_predicted = model.predict(X_test)\n",
    "y_predicted\n"
   ]
  },
  {
   "cell_type": "code",
   "execution_count": 264,
   "id": "9260ae02",
   "metadata": {},
   "outputs": [
    {
     "data": {
      "text/plain": [
       "array([[5.76317786e-04, 9.27557610e-02, 9.06667921e-01],\n",
       "       [8.86049038e-01, 1.13850951e-01, 1.00011351e-04],\n",
       "       [7.19432657e-05, 1.93237933e-02, 9.80604263e-01],\n",
       "       [6.88469823e-03, 5.12303716e-01, 4.80811586e-01],\n",
       "       [8.68626395e-01, 1.31316413e-01, 5.71924515e-05],\n",
       "       [8.37925904e-03, 3.08232368e-01, 6.83388373e-01],\n",
       "       [4.67983209e-04, 4.27184288e-02, 9.56813588e-01],\n",
       "       [3.74078632e-03, 2.67288028e-01, 7.28971186e-01],\n",
       "       [5.22069672e-02, 7.48145469e-01, 1.99647564e-01],\n",
       "       [8.98011605e-01, 1.01901713e-01, 8.66828692e-05],\n",
       "       [4.94062369e-02, 7.83615620e-01, 1.66978143e-01],\n",
       "       [6.42702586e-03, 3.27183364e-01, 6.66389610e-01],\n",
       "       [8.39326948e-01, 1.60559083e-01, 1.13969047e-04],\n",
       "       [8.31731283e-02, 7.10872410e-01, 2.05954462e-01],\n",
       "       [3.96345791e-03, 3.13440115e-01, 6.82596427e-01],\n",
       "       [8.73514783e-01, 1.26400718e-01, 8.44990207e-05],\n",
       "       [8.64827941e-01, 1.35067314e-01, 1.04744816e-04],\n",
       "       [1.56214557e-03, 9.34184298e-02, 9.05019425e-01],\n",
       "       [4.26445601e-04, 7.21589687e-02, 9.27414586e-01],\n",
       "       [1.48191590e-05, 1.72684109e-02, 9.82716770e-01],\n",
       "       [4.20613443e-02, 6.92989318e-01, 2.64949338e-01],\n",
       "       [8.95207277e-01, 1.04737164e-01, 5.55588011e-05],\n",
       "       [9.23726013e-01, 7.62474262e-02, 2.65608438e-05],\n",
       "       [1.54146990e-04, 5.12766270e-02, 9.48569226e-01],\n",
       "       [8.14773130e-01, 1.84936264e-01, 2.90606234e-04],\n",
       "       [8.66965036e-01, 1.32913835e-01, 1.21129156e-04],\n",
       "       [2.28119530e-04, 4.46684801e-02, 9.55103400e-01],\n",
       "       [6.84967651e-02, 8.20081910e-01, 1.11421325e-01],\n",
       "       [2.68210439e-04, 5.02797141e-02, 9.49452075e-01],\n",
       "       [9.91329651e-04, 1.27742419e-01, 8.71266251e-01],\n",
       "       [6.45975266e-02, 7.02544830e-01, 2.32857643e-01],\n",
       "       [2.66021818e-02, 7.09689270e-01, 2.63708548e-01],\n",
       "       [4.23666362e-04, 6.22835470e-02, 9.37292787e-01],\n",
       "       [8.53645337e-01, 1.46278848e-01, 7.58144807e-05],\n",
       "       [8.83060720e-01, 1.16859536e-01, 7.97442843e-05],\n",
       "       [8.66477767e-01, 1.33426638e-01, 9.55944713e-05],\n",
       "       [4.04212309e-03, 3.08031052e-01, 6.87926825e-01],\n",
       "       [2.97509404e-06, 8.13078825e-03, 9.91866237e-01],\n",
       "       [1.00010960e-01, 8.37450915e-01, 6.25381247e-02],\n",
       "       [2.12411647e-02, 6.58654789e-01, 3.20104046e-01],\n",
       "       [1.12357407e-03, 1.23073479e-01, 8.75802947e-01],\n",
       "       [8.38136490e-01, 1.61533601e-01, 3.29909186e-04],\n",
       "       [8.58000726e-01, 1.41812509e-01, 1.86765090e-04],\n",
       "       [8.68110014e-01, 1.31802745e-01, 8.72414037e-05],\n",
       "       [5.38927764e-02, 7.10115731e-01, 2.35991492e-01],\n",
       "       [9.08144257e-01, 9.18231782e-02, 3.25652282e-05],\n",
       "       [1.03515164e-05, 1.76668713e-02, 9.82322777e-01],\n",
       "       [3.68578111e-04, 6.27743814e-02, 9.36857040e-01],\n",
       "       [8.99417874e-01, 1.00520493e-01, 6.16323758e-05],\n",
       "       [8.89116973e-01, 1.10810431e-01, 7.25956994e-05],\n",
       "       [7.92151760e-01, 2.07658117e-01, 1.90123176e-04],\n",
       "       [2.33627316e-04, 3.52515214e-02, 9.64514851e-01],\n",
       "       [3.01562567e-02, 4.89765615e-01, 4.80078129e-01],\n",
       "       [3.96326668e-03, 2.01735183e-01, 7.94301551e-01],\n",
       "       [6.09506063e-02, 8.09354211e-01, 1.29695183e-01],\n",
       "       [1.43276212e-02, 5.75216419e-01, 4.10455960e-01],\n",
       "       [1.72976112e-05, 1.15840945e-02, 9.88398608e-01],\n",
       "       [8.88268678e-01, 1.11686099e-01, 4.52223190e-05],\n",
       "       [9.51877048e-01, 4.81068996e-02, 1.60520136e-05],\n",
       "       [9.02052526e-01, 9.78900995e-02, 5.73741338e-05],\n",
       "       [8.51989028e-01, 1.47907606e-01, 1.03365521e-04],\n",
       "       [1.07812533e-03, 1.72034536e-01, 8.26887339e-01],\n",
       "       [6.23616218e-03, 4.28522096e-01, 5.65241742e-01],\n",
       "       [1.36005780e-02, 6.14960517e-01, 3.71438905e-01],\n",
       "       [8.48888765e-01, 1.50936385e-01, 1.74850488e-04],\n",
       "       [8.61742536e-01, 1.38162932e-01, 9.45317523e-05],\n",
       "       [8.83740780e-01, 1.16190939e-01, 6.82810815e-05],\n",
       "       [1.04076633e-02, 2.95990911e-01, 6.93601426e-01],\n",
       "       [1.08836016e-02, 5.56620100e-01, 4.32496298e-01],\n",
       "       [3.51086366e-03, 3.51370124e-01, 6.45119012e-01],\n",
       "       [4.17943487e-02, 6.42860754e-01, 3.15344897e-01],\n",
       "       [1.82391574e-02, 5.38421479e-01, 4.43339364e-01],\n",
       "       [8.40215831e-01, 1.59686555e-01, 9.76142248e-05],\n",
       "       [8.06239864e-01, 1.93461036e-01, 2.99099468e-04],\n",
       "       [2.83328488e-03, 1.80328101e-01, 8.16838614e-01],\n",
       "       [4.77684371e-02, 7.72654419e-01, 1.79577144e-01],\n",
       "       [1.09373460e-03, 1.12581087e-01, 8.86325179e-01],\n",
       "       [1.78737247e-03, 1.57604195e-01, 8.40608432e-01],\n",
       "       [1.45642412e-02, 4.27568759e-01, 5.57867000e-01],\n",
       "       [8.30135226e-01, 1.69719062e-01, 1.45711927e-04],\n",
       "       [4.36614238e-03, 2.98015547e-01, 6.97618311e-01],\n",
       "       [9.17245689e-01, 8.27016501e-02, 5.26610610e-05],\n",
       "       [5.00480965e-03, 4.04982591e-01, 5.90012600e-01],\n",
       "       [9.11512181e-01, 8.84087525e-02, 7.90661171e-05],\n",
       "       [2.00994408e-04, 6.61408730e-02, 9.33658133e-01],\n",
       "       [1.08491840e-02, 5.01325276e-01, 4.87825540e-01],\n",
       "       [5.49592939e-05, 2.80911804e-02, 9.71853860e-01],\n",
       "       [8.30597624e-01, 1.69253998e-01, 1.48377882e-04],\n",
       "       [9.78860992e-03, 5.83130875e-01, 4.07080515e-01],\n",
       "       [2.52319810e-03, 2.38841958e-01, 7.58634844e-01],\n",
       "       [8.44132472e-01, 1.55776501e-01, 9.10269050e-05],\n",
       "       [2.99687142e-02, 6.54830086e-01, 3.15201200e-01],\n",
       "       [8.65984160e-01, 1.33940398e-01, 7.54420610e-05],\n",
       "       [2.80025725e-03, 1.79208505e-01, 8.17991238e-01],\n",
       "       [1.35045472e-02, 4.99570105e-01, 4.86925348e-01],\n",
       "       [8.75657681e-01, 1.24257610e-01, 8.47093335e-05],\n",
       "       [8.52241142e-01, 1.47623833e-01, 1.35024593e-04],\n",
       "       [2.98601403e-02, 6.95858152e-01, 2.74281708e-01],\n",
       "       [2.71939990e-02, 5.05598811e-01, 4.67207190e-01],\n",
       "       [6.27543781e-02, 7.94267019e-01, 1.42978603e-01],\n",
       "       [1.03332500e-03, 6.74253910e-02, 9.31541284e-01],\n",
       "       [1.86749314e-01, 7.69884684e-01, 4.33660018e-02],\n",
       "       [8.88334556e-01, 1.11556667e-01, 1.08777360e-04],\n",
       "       [1.14874387e-02, 5.40751437e-01, 4.47761125e-01],\n",
       "       [4.38043514e-02, 7.58859315e-01, 1.97336333e-01],\n",
       "       [8.96428273e-01, 1.03513268e-01, 5.84582931e-05],\n",
       "       [2.05720246e-02, 6.55524192e-01, 3.23903783e-01],\n",
       "       [8.70596575e-01, 1.29327147e-01, 7.62773725e-05],\n",
       "       [8.05348905e-01, 1.94537949e-01, 1.13145949e-04],\n",
       "       [2.49200091e-02, 5.91529221e-01, 3.83550770e-01],\n",
       "       [2.83328488e-03, 1.80328101e-01, 8.16838614e-01],\n",
       "       [7.95737905e-01, 2.04095590e-01, 1.66505125e-04],\n",
       "       [4.73105534e-02, 6.89883951e-01, 2.62805496e-01],\n",
       "       [9.05932858e-01, 9.40160135e-02, 5.11280147e-05],\n",
       "       [2.01988622e-02, 5.41124633e-01, 4.38676504e-01],\n",
       "       [7.40687130e-04, 1.04478887e-01, 8.94780425e-01],\n",
       "       [1.46071125e-03, 1.37353951e-01, 8.61185337e-01],\n",
       "       [2.48518503e-01, 7.25209911e-01, 2.62715867e-02],\n",
       "       [8.02900244e-02, 8.37947762e-01, 8.17622133e-02],\n",
       "       [8.18751652e-01, 1.81062799e-01, 1.85548217e-04]])"
      ]
     },
     "execution_count": 264,
     "metadata": {},
     "output_type": "execute_result"
    }
   ],
   "source": [
    "model.predict_proba(X_test)"
   ]
  },
  {
   "cell_type": "code",
   "execution_count": 265,
   "id": "bd8a7221",
   "metadata": {},
   "outputs": [
    {
     "data": {
      "text/plain": [
       "0.95"
      ]
     },
     "execution_count": 265,
     "metadata": {},
     "output_type": "execute_result"
    }
   ],
   "source": [
    "model.score(X_test,y_test)"
   ]
  },
  {
   "cell_type": "code",
   "execution_count": 266,
   "id": "12f83641",
   "metadata": {},
   "outputs": [
    {
     "data": {
      "text/plain": [
       "0.95"
      ]
     },
     "execution_count": 266,
     "metadata": {},
     "output_type": "execute_result"
    }
   ],
   "source": [
    "accuracy = accuracy_score(y_test, y_predicted)\n",
    "accuracy"
   ]
  },
  {
   "cell_type": "markdown",
   "id": "9aafc13a",
   "metadata": {},
   "source": [
    "# K means clustering"
   ]
  },
  {
   "cell_type": "code",
   "execution_count": 267,
   "id": "b8d761ab",
   "metadata": {},
   "outputs": [],
   "source": [
    "kmeans = KMeans(n_clusters=3)\n",
    "kmeans.fit(X)\n",
    "clusters = kmeans.predict(X)"
   ]
  },
  {
   "cell_type": "code",
   "execution_count": 268,
   "id": "cbd94495",
   "metadata": {},
   "outputs": [
    {
     "data": {
